 10  0.001090      1.280273   1.840919   2.875000   4.662740   7.308180      4.077295
 11  0.001189      1.172424   1.685842   2.632812   4.269955   6.692545      3.736922
 12  0.001288      1.081970   1.555777   2.429688   3.940522   6.176207      3.448931
 13  0.001387      1.005432   1.445722   2.257812   3.661772   5.739305      3.204018
 14  0.001486      0.939331   1.350675   2.109375   3.421032   5.361980      2.989971
 15  0.001585      0.880188   1.265632   1.976562   3.205634   5.024374      2.804155
 16  0.001684      0.828003   1.190595   1.859375   3.015577   4.726486      2.637596
 17  0.001783      0.782776   1.125562   1.757812   2.850860   4.468317      2.491933
 18  0.001882      0.741028   1.065532   1.664062   2.698814   4.230007      2.360518
 19  0.001981      0.700043   1.011490   1.585938   2.559466   4.026970      2.243170
 20  0.002080      0.671448   0.965482   1.507812   2.433384   3.828597      2.136134
 21  0.002179      0.640137   0.920460   1.437500   2.331370   3.654090      2.038833
 22  0.002278      0.612305   0.880440   1.375000   2.230006   3.495217      1.950701
 23  0.002377      0.587952   0.845422   1.320312   2.130787   3.352502      1.869242
 24  0.002476      0.563599   0.810405   1.265625   2.052619   3.217188      1.794895
 25  0.002575      0.540985   0.777889   1.214844   1.970261   3.088103      1.725172
 26  0.002674      0.521851   0.750375   1.171875   1.900573   2.978878      1.661642
 27  0.002773      0.502716   0.722861   1.128906   1.830886   2.869652      1.602167
 28  0.002872      0.485321   0.697849   1.089844   1.767533   2.770356      1.547234
 29  0.002971      0.469666   0.675337   1.054688   1.710516   2.680990      1.495943
 30  0.003070      0.454010   0.652826   1.019531   1.653499   2.591624      1.447194
 31  0.003169      0.440094   0.632816   0.988281   1.602817   2.512187      1.402224
 32  0.003268      0.426178   0.612806   0.957031   1.559765   2.435432      1.359630
 33  0.003367      0.414001   0.595297   0.929688   1.507788   2.363243      1.319862
 34  0.003466      0.401825   0.577789   0.902344   1.470635   2.296265      1.282051
 35  0.003565      0.391388   0.562781   0.878906   1.425430   2.234158      1.246370
 36  0.003664      0.380951   0.547774   0.855469   1.387419   2.174581      1.212830
 37  0.003763      0.370514   0.532766   0.832031   1.349407   2.115003      1.178768
 38  0.003862      0.361816   0.520260   0.812500   1.311254   2.063078      1.148727
 39  0.003961      0.350021   0.505745   0.792969   1.279733   2.013485      1.119998
 40  0.004060      0.343552   0.493997   0.771484   1.251211   1.961095      1.092645
 41  0.004159      0.335724   0.482741   0.753906   1.216692   1.914298      1.067497
 42  0.004258      0.327896   0.471485   0.736328   1.188324   1.869665      1.042813
 43  0.004357      0.320068   0.460230   0.718750   1.165685   1.827045      1.019211
 44  0.004456      0.313110   0.450225   0.703125   1.140344   1.787327      0.996839
 45  0.004555      0.306152   0.440220   0.687500   1.115003   1.747608      0.975098
 46  0.004654      0.300064   0.431466   0.673828   1.087458   1.710966      0.954614
 47  0.004753      0.293976   0.422711   0.660156   1.065394   1.676251      0.934918
 48  0.004852      0.287018   0.412706   0.644531   1.050454   1.640189      0.913593
 49  0.004951      0.281799   0.405202   0.632812   1.026310   1.608594      0.895512
 50  0.005050      0.276581   0.397699   0.621094   1.002352   1.577065      0.877863
 51  0.005149      0.271362   0.390195   0.609375   0.983440   1.547309      0.861164
 52  0.005248      0.266144   0.382691   0.597656   0.964528   1.517553      0.844963
 53  0.005347      0.260925   0.375187   0.585938   0.950287   1.489439      0.829489
 54  0.005446      0.255707   0.367684   0.574219   0.935859   1.461259      0.814338
 55  0.005545      0.251358   0.361431   0.564453   0.915443   1.434826      0.800730
 56  0.005644      0.247009   0.355177   0.554688   0.899605   1.410002      0.787280
 57  0.005743      0.242661   0.348924   0.544922   0.883767   1.385178      0.771822
 58  0.005842      0.239182   0.343922   0.537109   0.866814   1.363814      0.759212
 59  0.005941      0.234833   0.337669   0.527344   0.855258   1.340495      0.746276
 60  0.006040      0.231354   0.332666   0.519531   0.838446   1.319180      0.733626
 61  0.006139      0.227005   0.326413   0.509766   0.826749   1.295812      0.723588
 62  0.006238      0.223526   0.321411   0.501953   0.814079   1.275953      0.710475
 63  0.006337      0.220047   0.316408   0.494141   0.801408   1.256094      0.699395
 64  0.006436      0.216568   0.311406   0.486328   0.788738   1.236234      0.688660
 65  0.006535      0.213089   0.306403   0.478516   0.779882   1.217716      0.678332
 66  0.006634      0.210480   0.302651   0.472656   0.762797   1.200156      0.668233
 67  0.006733      0.207001   0.297649   0.464844   0.753894   1.181622      0.658509
 68  0.006832      0.204391   0.293897   0.458984   0.740732   1.165441      0.649014
 69  0.006931      0.200912   0.288894   0.451172   0.735318   1.148132      0.640948
 70  0.007030      0.198303   0.285142   0.445312   0.722218   1.131974      0.631965
 71  0.007129      0.195694   0.281391   0.439453   0.712715   1.117079      0.623303
 72  0.007228      0.193085   0.277639   0.433594   0.703212   1.102185      0.614808
 73  0.007327      0.190475   0.273887   0.427734   0.693709   1.087290      0.606605
 74  0.007426      0.187866   0.270135   0.421875   0.684206   1.072396      0.597321
 75  0.007525      0.185257   0.266383   0.416016   0.674704   1.057502      0.589446
 76  0.007624      0.181908   0.262838   0.412109   0.665083   1.046417      0.581837
 77  0.007723      0.180908   0.260130   0.406250   0.655627   1.031539      0.574362
 78  0.007822      0.178299   0.256378   0.400391   0.649363   1.017783      0.567136
 79  0.007921      0.175011   0.252873   0.396484   0.639867   1.006742      0.559999
 80  0.008020      0.173950   0.250125   0.390625   0.633524   0.992959      0.553128
 81  0.008119      0.171776   0.246998   0.385742   0.625605   0.980547      0.546374
 82  0.008218      0.169601   0.243872   0.380859   0.617686   0.968135      0.540287
 83  0.008317      0.167862   0.241371   0.376953   0.611351   0.958206      0.533901
 84  0.008416      0.165688   0.238244   0.372070   0.603432   0.945794      0.527107
 85  0.008515      0.163948   0.235743   0.368164   0.597097   0.935864      0.521449
 86  0.008614      0.161774   0.232616   0.363281   0.589178   0.923452      0.515479
 87  0.008713      0.160034   0.230115   0.359375   0.582843   0.913523      0.509692
 88  0.008812      0.158295   0.227614   0.355469   0.576507   0.903593      0.503945
 89  0.008911      0.156555   0.225112   0.351562   0.570172   0.893663      0.498415
 90  0.009010      0.154816   0.222611   0.347656   0.563837   0.883734      0.492962
 91  0.009109      0.153076   0.220110   0.343750   0.557502   0.873804      0.487671
 92  0.009208      0.151337   0.217609   0.339844   0.551166   0.863875      0.482493
 93  0.009307      0.150032   0.215733   0.336914   0.543729   0.855483      0.477344
 94  0.009406      0.148293   0.213232   0.333008   0.540080   0.846498      0.472383
 95  0.009505      0.146988   0.211356   0.330078   0.532697   0.838125      0.467487
 96  0.009604      0.145248   0.208854   0.326172   0.528993   0.829121      0.462698
 97  0.009703      0.143944   0.206978   0.323242   0.521665   0.820768      0.456832
 98  0.009802      0.142204   0.204477   0.319336   0.517906   0.811744      0.452230
 99  0.009901      0.140900   0.202601   0.316406   0.513155   0.804297      0.447719
