 10  0.001090      1.511597   2.121230   3.171875   4.916641   7.391750      6.824793
 11  0.001189      1.388733   1.948815   2.914062   4.505397   6.768393      6.275079
 12  0.001288      1.280762   1.797298   2.687500   4.165823   6.262961      5.789483
 13  0.001387      1.191406   1.661682   2.500000   3.865220   5.806664      5.375602
 14  0.001486      1.109497   1.556962   2.328125   3.608766   5.425472      5.004013
 15  0.001585      1.042480   1.453972   2.187500   3.382067   5.080831      4.691480
 16  0.001684      0.979187   1.374097   2.054688   3.184917   4.788252      4.417483
 17  0.001783      0.927063   1.292996   1.945312   3.007624   4.518311      4.171022
 18  0.001882      0.878662   1.225491   1.843750   2.850600   4.282414      3.951606
 19  0.001981      0.833984   1.163177   1.750000   2.705654   4.064665      3.754729
 20  0.002080      0.793030   1.112862   1.664062   2.579420   3.877938      3.575164
 21  0.002179      0.755798   1.060615   1.585938   2.464642   3.698888      3.413275
 22  0.002278      0.724152   1.016205   1.519531   2.355386   3.541122      3.264919
 23  0.002377      0.694366   0.974407   1.457031   2.252698   3.384196      3.128341
 24  0.002476      0.666443   0.935222   1.398438   2.167681   3.258924      3.004240
 25  0.002575      0.640381   0.898649   1.343750   2.082912   3.131480      2.888550
 26  0.002674      0.618042   0.861998   1.296875   2.005083   3.012207      2.781936
 27  0.002773      0.595703   0.830841   1.250000   1.932610   2.903332      2.682591
 28  0.002872      0.575226   0.802281   1.207031   1.866176   2.803530      2.589660
 29  0.002971      0.556610   0.776317   1.167969   1.805782   2.712801      2.503634
 30  0.003070      0.537994   0.750353   1.128906   1.745388   2.622072      2.423140
 31  0.003169      0.521240   0.726986   1.093750   1.691034   2.540416      2.346822
 32  0.003268      0.504486   0.707947   1.058594   1.640899   2.466951      2.275969
 33  0.003367      0.489594   0.687049   1.027344   1.592459   2.394126      2.209037
 34  0.003466      0.476562   0.664673   1.000000   1.546088   2.322665      2.145845
 35  0.003565      0.463531   0.646498   0.972656   1.503812   2.259155      2.086451
 36  0.003664      0.450500   0.632189   0.945312   1.461536   2.195645      2.029602
 37  0.003763      0.439331   0.612745   0.921875   1.425300   2.141207      1.976391
 38  0.003862      0.428162   0.597167   0.898438   1.389063   2.086770      1.925723
 39  0.003961      0.416992   0.581589   0.875000   1.352827   2.032332      1.877524
 40  0.004060      0.407684   0.568607   0.855469   1.322630   1.981973      1.831741
 41  0.004159      0.396515   0.556431   0.832031   1.289710   1.938969      1.788635
 42  0.004258      0.387207   0.543369   0.812500   1.259435   1.893453      1.746842
 43  0.004357      0.377899   0.530308   0.792969   1.232321   1.849444      1.707276
 44  0.004456      0.370453   0.519858   0.777344   1.201842   1.805510      1.669158
 45  0.004555      0.363007   0.506294   0.761719   1.177684   1.769218      1.632875
 46  0.004654      0.354630   0.497653   0.744141   1.150507   1.728390      1.598253
 47  0.004753      0.347183   0.487204   0.728516   1.126349   1.692098      1.564687
 48  0.004852      0.340668   0.475137   0.714844   1.105211   1.660343      1.532975
 49  0.004951      0.333221   0.467611   0.699219   1.083841   1.629462      1.502316
 50  0.005050      0.326706   0.458468   0.685547   1.062648   1.597601      1.472721
 51  0.005149      0.320190   0.449325   0.671875   1.041456   1.565740      1.444498
 52  0.005248      0.314606   0.441488   0.660156   1.020660   1.533322      1.417363
 53  0.005347      0.309021   0.430999   0.648438   1.002541   1.506103      1.391067
 54  0.005446      0.303436   0.423210   0.636719   0.984423   1.478885      1.365854
 55  0.005545      0.297852   0.415421   0.625000   0.966305   1.451666      1.341421
 56  0.005644      0.292267   0.410139   0.613281   0.950631   1.429193      1.318093
 57  0.005743      0.287613   0.401140   0.603516   0.933088   1.401765      1.297889
 58  0.005842      0.282959   0.394650   0.593750   0.917990   1.379083      1.276012
 59  0.005941      0.278305   0.388159   0.583984   0.902891   1.356400      1.254940
 60  0.006040      0.273651   0.381668   0.574219   0.887793   1.333718      1.234560
 61  0.006139      0.268997   0.376331   0.564453   0.872694   1.311036      1.214608
 62  0.006238      0.264343   0.370954   0.554688   0.859807   1.292646      1.195582
 63  0.006337      0.260620   0.364611   0.546875   0.845517   1.270208      1.177024
 64  0.006436      0.256897   0.358300   0.539062   0.833438   1.252062      1.158952
 65  0.006535      0.252243   0.353974   0.529297   0.820449   1.233476      1.140370
 66  0.006634      0.248520   0.348749   0.521484   0.808339   1.215269      1.123421
 67  0.006733      0.244797   0.343524   0.513672   0.796229   1.197063      1.105001
 68  0.006832      0.242004   0.337529   0.507812   0.785123   1.179479      1.091086
 69  0.006931      0.238281   0.332336   0.500000   0.773044   1.161333      1.075528
 70  0.007030      0.234558   0.329156   0.492188   0.762927   1.146996      1.058086
 71  0.007129      0.231766   0.323249   0.486328   0.751906   1.129578      1.043518
 72  0.007228      0.228043   0.320013   0.478516   0.741735   1.115135      1.029136
 73  0.007327      0.225250   0.316095   0.472656   0.730768   1.097822      1.015309
 74  0.007426      0.222458   0.310267   0.466797   0.721709   1.084213      1.001836
 75  0.007525      0.219666   0.306373   0.460938   0.712650   1.070604      0.988783
 76  0.007624      0.216873   0.302478   0.455078   0.703591   1.056994      0.976026
 77  0.007723      0.214081   0.298584   0.449219   0.694532   1.043385      0.963451
 78  0.007822      0.211288   0.294689   0.443359   0.685473   1.029776      0.951340
 79  0.007921      0.208496   0.290794   0.437500   0.676413   1.016166      0.939492
 80  0.008020      0.205704   0.288665   0.431641   0.669075   1.005897      0.927964
 81  0.008119      0.203842   0.284303   0.427734   0.661315   0.993484      0.917850
 82  0.008218      0.201050   0.280409   0.421875   0.652256   0.979875      0.906888
 83  0.008317      0.198257   0.278216   0.416016   0.644855   0.969485      0.896063
 84  0.008416      0.196396   0.273918   0.412109   0.637157   0.957192      0.885659
 85  0.008515      0.193604   0.271685   0.406250   0.629718   0.946727      0.875367
 86  0.008614      0.191742   0.267427   0.402344   0.622059   0.934510      0.865360
 87  0.008713      0.188950   0.265154   0.396484   0.616161   0.924722      0.855615
 88  0.008812      0.187088   0.262541   0.392578   0.608525   0.914866      0.845978
 89  0.008911      0.185226   0.259929   0.388672   0.600921   0.902755      0.836675
 90  0.009010      0.183365   0.255743   0.384766   0.594881   0.893682      0.827532
 91  0.009109      0.181503   0.253147   0.380859   0.588842   0.884609      0.818546
 92  0.009208      0.179176   0.251439   0.375977   0.582791   0.876177      0.809896
 93  0.009307      0.177315   0.248827   0.372070   0.575253   0.864195      0.801144
 94  0.009406      0.175453   0.246214   0.368164   0.569214   0.855122      0.792746
 95  0.009505      0.173592   0.243602   0.364258   0.564627   0.848868      0.784536
 96  0.009604      0.171730   0.240990   0.360352   0.558572   0.839765      0.776457
 97  0.009703      0.170334   0.237569   0.357422   0.552606   0.830171      0.768582
 98  0.009802      0.168472   0.234972   0.353516   0.546566   0.821099      0.760609
 99  0.009901      0.166611   0.233806   0.349609   0.541920   0.814731      0.753126
