 10  0.001090      2.905884   4.186289   6.468750   10.439596   16.208925      20.857643
 11  0.001189      2.667236   3.816938   5.937500   9.582238   14.877758      19.127439
 12  0.001288      2.456665   3.539133   5.468750   8.825746   13.764167      17.662164
 13  0.001387      2.281189   3.286338   5.078125   8.195335   12.781012      16.385186
 14  0.001486      2.133789   3.053551   4.750000   7.627923   11.888006      15.297910
 15  0.001585      1.993408   2.871754   4.437500   7.161462   11.168638      14.330335
 16  0.001684      1.881104   2.709965   4.187500   6.757999   10.492735      13.505655
 17  0.001783      1.775818   2.558288   3.953125   6.379753   9.949526      12.758277
 18  0.001882      1.684570   2.410698   3.750000   6.022044   9.385268      12.078171
 19  0.001981      1.600342   2.290163   3.562500   5.749343   8.926655      11.476916
 20  0.002080      1.523132   2.186968   3.390625   5.471962   8.495983      10.932739
 21  0.002179      1.452942   2.093144   3.234375   5.219798   8.140521      10.437780
 22  0.002278      1.389771   2.002138   3.093750   4.992850   7.752095      9.978115
 23  0.002377      1.333618   1.908469   2.968750   4.791119   7.438879      9.564183
 24  0.002476      1.277466   1.840349   2.843750   4.589387   7.157366      9.176815
 25  0.002575      1.228333   1.769567   2.734375   4.412873   6.882083      8.831491
 26  0.002674      1.186218   1.697533   2.640625   4.240523   6.608793      8.505670
 27  0.002773      1.144104   1.637266   2.546875   4.089972   6.374161      8.197916
 28  0.002872      1.101990   1.587554   2.453125   3.958977   6.174212      7.916423
 29  0.002971      1.066895   1.526775   2.375000   3.832895   5.951103      7.653640
 30  0.003070      1.031799   1.486436   2.296875   3.706813   5.755343      7.407723
 31  0.003169      1.000214   1.431352   2.226562   3.593339   5.579159      7.173437
 32  0.003268      0.968628   1.395430   2.156250   3.479865   5.427014      6.956963
 33  0.003367      0.940552   1.345973   2.093750   3.379000   5.246367      6.749705
 34  0.003466      0.912476   1.314535   2.031250   3.278134   5.112405      6.560998
 35  0.003565      0.887909   1.279144   1.976562   3.189877   4.974763      6.379444
 36  0.003664      0.863342   1.243752   1.921875   3.101619   4.837121      6.204699
 37  0.003763      0.842285   1.205349   1.875000   3.025970   4.698239      6.042082
 38  0.003862      0.821228   1.175215   1.828125   2.935747   4.575318      5.885136
 39  0.003961      0.800171   1.145082   1.781250   2.874671   4.463327      5.741161
 40  0.004060      0.779114   1.122411   1.734375   2.799022   4.365207      5.599277
 41  0.004159      0.761566   1.093484   1.695312   2.735981   4.247992      5.466510
 42  0.004258      0.744019   1.068288   1.656250   2.672940   4.150112      5.339894
 43  0.004357      0.726471   1.046572   1.617188   2.609899   4.070261      5.219020
 44  0.004456      0.712433   1.019524   1.585938   2.546823   3.969186      5.103489
 45  0.004555      0.694885   1.001069   1.546875   2.496425   3.893293      4.991066
 46  0.004654      0.680847   0.974324   1.515625   2.445992   3.797744      4.885306
 47  0.004753      0.666809   0.954235   1.484375   2.395560   3.719440      4.782194
 48  0.004852      0.652771   0.940398   1.453125   2.345127   3.641135      4.686693
 49  0.004951      0.638733   0.920175   1.421875   2.294694   3.578683      4.591714
 50  0.005050      0.628204   0.898989   1.398438   2.245721   3.499923      4.502049
 51  0.005149      0.619507   0.882363   1.367188   2.206436   3.441042      4.415820
 52  0.005248      0.603638   0.869616   1.343750   2.168612   3.367072      4.332838
 53  0.005347      0.593109   0.848767   1.320312   2.130787   3.293624      4.252911
 54  0.005446      0.582581   0.833700   1.296875   2.082624   3.245739      4.174567
 55  0.005545      0.572052   0.818633   1.273438   2.044986   3.187081      4.100309
 56  0.005644      0.561523   0.803566   1.250000   2.017313   3.132160      4.027426
 57  0.005743      0.550995   0.793777   1.226562   1.979489   3.087106      3.959478
 58  0.005842      0.542221   0.778540   1.207031   1.947968   3.024492      3.891473
 59  0.005941      0.533447   0.763388   1.187500   1.916448   2.975552      3.826879
 60  0.006040      0.524673   0.750832   1.167969   1.884927   2.926612      3.764394
 61  0.006139      0.515900   0.740747   1.148438   1.853407   2.877672      3.702883
 62  0.006238      0.507126   0.730578   1.128906   1.821886   2.841317      3.645364
 63  0.006337      0.500107   0.715676   1.113281   1.796670   2.789580      3.587640
 64  0.006436      0.491333   0.707827   1.093750   1.765149   2.752833      3.532664
 65  0.006535      0.484314   0.697715   1.078125   1.739933   2.713507      3.478427
 66  0.006634      0.477295   0.687603   1.062500   1.714716   2.674181      3.427620
 67  0.006733      0.470276   0.677491   1.046875   1.689500   2.634855      3.377404
 68  0.006832      0.463257   0.667379   1.031250   1.664283   2.595529      3.327802
 69  0.006931      0.456238   0.657268   1.015625   1.639067   2.556202      3.280450
 70  0.007030      0.450974   0.645364   1.003906   1.612152   2.512515      3.233629
 71  0.007129      0.443954   0.639572   0.988281   1.594938   2.487381      3.189800
 72  0.007228      0.438690   0.627786   0.976562   1.568241   2.444080      3.145479
 73  0.007327      0.431671   0.621876   0.960938   1.550810   2.418561      3.103118
 74  0.007426      0.426407   0.614292   0.949219   1.531897   2.378484      3.061184
 75  0.007525      0.421143   0.602674   0.937500   1.512985   2.349120      3.021731
 76  0.007624      0.415878   0.595141   0.925781   1.494073   2.319756      2.982641
 77  0.007723      0.410614   0.587608   0.914062   1.467873   2.287659      2.943885
 78  0.007822      0.405350   0.580074   0.902344   1.456248   2.250968      2.906767
 79  0.007921      0.400085   0.572541   0.890625   1.437336   2.231664      2.869948
 80  0.008020      0.394821   0.568789   0.878906   1.418423   2.212098      2.835275
 81  0.008119      0.389557   0.561205   0.867188   1.399511   2.182604      2.800233
 82  0.008218      0.386047   0.552452   0.859375   1.380052   2.150791      2.766629
 83  0.008317      0.380783   0.546742   0.847656   1.367990   2.123996      2.733254
 84  0.008416      0.377274   0.539896   0.839844   1.348687   2.092494      2.701787
 85  0.008515      0.372009   0.535926   0.828125   1.336470   2.075056      2.670491
 86  0.008614      0.369934   0.526897   0.816406   1.317558   2.054793      2.639382
 87  0.008713      0.363235   0.523286   0.808594   1.304950   2.035130      2.609507
 88  0.008812      0.359726   0.514784   0.800781   1.292341   2.006540      2.579794
 89  0.008911      0.356216   0.509762   0.792969   1.273412   1.984593      2.551743
 90  0.009010      0.350952   0.505590   0.781250   1.260821   1.966309      2.523325
 91  0.009109      0.347443   0.500535   0.773438   1.248213   1.946646      2.496005
 92  0.009208      0.343933   0.495479   0.765625   1.235604   1.918448      2.469271
 93  0.009307      0.340424   0.487162   0.757812   1.222996   1.898872      2.442650
 94  0.009406      0.336914   0.482140   0.750000   1.210388   1.879296      2.417488
 95  0.009505      0.333405   0.477117   0.742188   1.197780   1.859720      2.391966
 96  0.009604      0.329895   0.472095   0.734375   1.185171   1.840144      2.367403
 97  0.009703      0.326385   0.470199   0.726562   1.172563   1.820568      2.342922
 98  0.009802      0.322876   0.465143   0.718750   1.159955   1.809005      2.319763
 99  0.009901      0.319366   0.460087   0.710938   1.147347   1.789342      2.296252
100  0.010000      0.316734   0.456295   0.705078   1.137891   1.766734      2.273607
101  0.010100      0.314102   0.449495   0.699219   1.122860   1.749961      2.251018
102  0.010200      0.310593   0.444472   0.691406   1.115826   1.732476      2.228874
103  0.010300      0.307083   0.442392   0.683594   1.103218   1.720521      2.207533
104  0.010400      0.304451   0.438600   0.677734   1.093762   1.705773      2.186232
105  0.010500      0.301819   0.431917   0.671875   1.084306   1.683536      2.165338
106  0.010600      0.298309   0.429752   0.664062   1.071698   1.671363      2.144840
107  0.010700      0.295677   0.425960   0.658203   1.062242   1.656616      2.124726
108  0.010800      0.293045   0.422168   0.652344   1.052785   1.641868      2.105325
109  0.010900      0.290413   0.418376   0.646484   1.043329   1.627121      2.085942
110  0.011000      0.287781   0.414584   0.640625   1.033873   1.612374      2.066913
111  0.011100      0.285149   0.410792   0.634766   1.024417   1.597626      2.048228
112  0.011200      0.282516   0.407000   0.628906   1.014961   1.582879      2.029877
113  0.011300      0.280762   0.401783   0.625000   1.003674   1.564211      2.012162
114  0.011400      0.278130   0.398016   0.619141   0.999200   1.544495      1.994450
115  0.011500      0.275497   0.394250   0.613281   0.989744   1.536716      1.977047
116  0.011600      0.272865   0.393097   0.607422   0.980288   1.528806      1.959944
117  0.011700      0.272583   0.388240   0.601562   0.970832   1.514058      1.943135
118  0.011800      0.268478   0.385491   0.597656   0.964528   1.497564      1.926896
119  0.011900      0.265846   0.382985   0.591797   0.955072   1.489479      1.910647
120  0.012000      0.264091   0.377927   0.587891   0.948768   1.473094      1.894670
121  0.012100      0.261459   0.376665   0.582031   0.939312   1.464901      1.878957
122  0.012200      0.259705   0.371649   0.578125   0.933007   1.448624      1.863503
123  0.012300      0.257950   0.369138   0.574219   0.922126   1.437119      1.848563
124  0.012400      0.255318   0.367817   0.568359   0.917247   1.430490      1.833603
125  0.012500      0.253563   0.362860   0.564453   0.910943   1.414366      1.818883
126  0.012600      0.253113   0.360508   0.558594   0.901487   1.405911      1.804398
127  0.012700      0.249176   0.358969   0.554688   0.895183   1.396080      1.790142
128  0.012800      0.247421   0.356441   0.550781   0.888879   1.380108      1.776350
129  0.012900      0.245667   0.351560   0.546875   0.882575   1.370320      1.762533
130  0.013000      0.243912   0.349049   0.542969   0.876270   1.354479      1.748929
131  0.013100      0.242157   0.346538   0.539062   0.865669   1.349132      1.735532
132  0.013200      0.241608   0.344122   0.533203   0.860510   1.342006      1.722340
133  0.013300      0.239838   0.341601   0.529297   0.854206   1.332175      1.709570
134  0.013400      0.236015   0.340010   0.525391   0.847902   1.322343      1.696768
135  0.013500      0.234261   0.337482   0.521484   0.841598   1.312512      1.684156
136  0.013600      0.234528   0.334038   0.517578   0.835294   1.302680      1.671731
137  0.013700      0.232758   0.331517   0.513672   0.828990   1.292848      1.659488
138  0.013800      0.229874   0.328960   0.511719   0.821758   1.280698      1.647630
139  0.013900      0.228119   0.326449   0.507812   0.819534   1.266778      1.635737
140  0.014000      0.226364   0.323938   0.503906   0.813229   1.262652      1.624042
141  0.014100      0.224609   0.323578   0.500000   0.806925   1.252864      1.612513
142  0.014200      0.222855   0.321050   0.496094   0.800621   1.248607      1.601148
143  0.014300      0.221977   0.317660   0.494141   0.793530   1.236705      1.590136
144  0.014400      0.220222   0.315149   0.490234   0.787257   1.226928      1.579085
145  0.014500      0.218468   0.313684   0.486328   0.784861   1.218606      1.568188
146  0.014600      0.216713   0.312202   0.482422   0.778557   1.214196      1.557442
147  0.014700      0.215836   0.308871   0.480469   0.771574   1.202487      1.546842
148  0.014800      0.214081   0.306360   0.476562   0.769101   1.194136      1.536567
149  0.014900      0.212326   0.305882   0.472656   0.762797   1.189617      1.526232
150  0.015000      0.211449   0.302593   0.470703   0.755892   1.178047      1.516168
151  0.015100      0.209694   0.302090   0.466797   0.753340   1.174870      1.506124
152  0.015200      0.209747   0.298743   0.462891   0.747036   1.165038      1.496212
153  0.015300      0.207062   0.297307   0.460938   0.743884   1.154984      1.488894
154  0.015400      0.206184   0.295059   0.458984   0.737073   1.143572      1.479239
155  0.015500      0.204430   0.292548   0.455078   0.734428   1.140302      1.469709
156  0.015600      0.204437   0.291180   0.451172   0.728124   1.135544      1.460302
157  0.015700      0.201797   0.288782   0.449219   0.724972   1.125620      1.451015
158  0.015800      0.200920   0.287526   0.447266   0.718254   1.114375      1.442005
159  0.015900      0.199165   0.286923   0.443359   0.715516   1.110938      1.432951
160  0.016000      0.198288   0.283759   0.441406   0.708845   1.104724      1.424010
161  0.016100      0.196533   0.283131   0.437500   0.706060   1.101133      1.415182
162  0.016200      0.195656   0.279993   0.435547   0.702908   1.091362      1.406463
163  0.016300      0.195587   0.278575   0.431641   0.696603   1.086386      1.398000
164  0.016400      0.193024   0.278075   0.429688   0.693451   1.081470      1.389492
165  0.016500      0.192146   0.274970   0.427734   0.690299   1.071786      1.381088
166  0.016600      0.192047   0.273533   0.423828   0.683995   1.066723      1.372786
167  0.016700      0.189514   0.273019   0.421875   0.680843   1.061807      1.364584
168  0.016800      0.188637   0.269948   0.419922   0.677691   1.052210      1.356620
169  0.016900      0.187759   0.268692   0.417969   0.671207   1.046066      1.348611
170  0.017000      0.187622   0.267230   0.414062   0.668235   1.042144      1.340697
171  0.017100      0.185127   0.266699   0.412109   0.665083   1.037228      1.332876
172  0.017200      0.184250   0.263670   0.410156   0.661931   1.027740      1.325147
173  0.017300      0.183372   0.262415   0.408203   0.655525   1.021626      1.317639
174  0.017400      0.183197   0.260927   0.404297   0.652475   1.017565      1.310086
175  0.017500      0.180740   0.260379   0.402344   0.649323   1.012649      1.298832
176  0.017600      0.179863   0.259115   0.400391   0.646171   1.007734      1.291561
177  0.017700      0.178986   0.256994   0.398438   0.643019   0.998376      1.284353
178  0.017800      0.178108   0.254881   0.396484   0.639867   0.993482      1.277369
179  0.017900      0.177231   0.253626   0.394531   0.633569   0.987408      1.270424
180  0.018000      0.176353   0.252370   0.392578   0.630433   0.978119      1.263484
181  0.018100      0.175476   0.251114   0.390625   0.627296   0.973253      1.258524
182  0.018200      0.174160   0.249231   0.387695   0.625682   0.971459      1.251593
183  0.018300      0.172844   0.249003   0.384766   0.620954   0.968407      1.244887
184  0.018400      0.171967   0.247739   0.382812   0.617802   0.963492      1.238136
185  0.018500      0.171089   0.246475   0.380859   0.614650   0.958576      1.231460
186  0.018600      0.170212   0.245211   0.378906   0.611498   0.953660      1.224855
187  0.018700      0.169334   0.243947   0.376953   0.608346   0.944542      1.218319
188  0.018800      0.168457   0.242683   0.375000   0.605194   0.939648      1.211970
189  0.018900      0.167580   0.241419   0.373047   0.602042   0.934754      1.203160
190  0.019000      0.166702   0.240155   0.371094   0.598890   0.929860      1.199153
191  0.019100      0.165825   0.238891   0.369141   0.595738   0.924966      1.190544
192  0.019200      0.164948   0.237628   0.367188   0.592586   0.920072      1.184334
193  0.019300      0.164070   0.236364   0.365234   0.589434   0.919250      1.178295
194  0.019400      0.163193   0.235100   0.363281   0.586282   0.914334      1.172212
195  0.019500      0.162315   0.233836   0.361328   0.583130   0.909418      1.166192
196  0.019600      0.161438   0.232572   0.359375   0.579978   0.904502      1.160235
197  0.019700      0.160561   0.231308   0.357422   0.576825   0.899587      1.156432
198  0.019800      0.160122   0.229142   0.356445   0.575249   0.893155      1.150791
199  0.019900      0.159245   0.227886   0.354492   0.572097   0.888261      1.145108
200  0.020000      0.158367   0.228148   0.352539   0.568945   0.883367      1.137136
201  0.020100      0.157490   0.226884   0.350586   0.565793   0.882381      1.131476
202  0.020200      0.157051   0.224747   0.349609   0.561430   0.874981      1.125872
203  0.020300      0.156174   0.223492   0.347656   0.561065   0.871132      1.120419
204  0.020400      0.155296   0.222980   0.345703   0.557913   0.866238      1.114924
205  0.020500      0.154419   0.222460   0.343750   0.554761   0.865176      1.109483
206  0.020600      0.153542   0.221196   0.341797   0.551609   0.860260      1.104096
207  0.020700      0.153103   0.219097   0.340820   0.550033   0.854003      1.098761
208  0.020800      0.152225   0.219300   0.338867   0.546881   0.852887      1.093568
209  0.020900      0.151787   0.217214   0.337891   0.542611   0.845652      1.088335
210  0.021000      0.150909   0.215958   0.335938   0.542153   0.841768      1.083152
211  0.021100      0.150032   0.216140   0.333984   0.539001   0.840597      1.078018
212  0.021200      0.149155   0.214876   0.332031   0.535849   0.835682      1.072934
213  0.021300      0.148716   0.212819   0.331055   0.534273   0.829533      1.067984
214  0.021400      0.147839   0.212980   0.329102   0.531121   0.828308      1.062991
215  0.021500      0.147400   0.210936   0.328125   0.529545   0.822192      1.058089
216  0.021600      0.146523   0.211084   0.326172   0.526393   0.820934      1.053191
217  0.021700      0.146084   0.209053   0.325195   0.524817   0.814851      1.049469
218  0.021800      0.145206   0.209188   0.323242   0.521665   0.813561      1.044743
219  0.021900      0.144768   0.207169   0.322266   0.520089   0.803917      1.039978
220  0.022000      0.143890   0.207292   0.320312   0.516937   0.806187      1.035256
221  0.022100      0.143452   0.205286   0.319336   0.515360   0.796609      1.030592
222  0.022200      0.142574   0.205396   0.317383   0.512208   0.798813      1.025954
223  0.022300      0.142136   0.203403   0.316406   0.510632   0.792828      1.021438
224  0.022400      0.141258   0.203500   0.314453   0.507480   0.791440      1.016883
225  0.022500      0.140820   0.201519   0.313477   0.505904   0.785487      1.012368
226  0.022600      0.140381   0.200891   0.312500   0.501837   0.782106      1.007893
227  0.022700      0.139503   0.200972   0.310547   0.501176   0.778146      1.003459
228  0.022800      0.139065   0.199008   0.309570   0.499600   0.772248      0.999139
229  0.022900      0.138187   0.199076   0.307617   0.496448   0.774234      0.994781
230  0.023000      0.137749   0.197125   0.306641   0.494872   0.768358      0.990461
231  0.023100      0.136871   0.197180   0.304688   0.491720   0.766861      0.986178
232  0.023200      0.136433   0.196548   0.303711   0.490144   0.764403      0.981933
233  0.023300      0.135994   0.194614   0.302734   0.488568   0.758570      0.977797
234  0.023400      0.135117   0.194652   0.300781   0.485416   0.757029      0.973624
235  0.023500      0.134678   0.194020   0.299805   0.483840   0.754571      0.969487
236  0.023600      0.134239   0.192102   0.298828   0.482264   0.748782      0.965385
237  0.023700      0.133801   0.191475   0.297852   0.478313   0.745444      0.961317
238  0.023800      0.132923   0.191492   0.295898   0.477536   0.744740      0.957354
239  0.023900      0.132484   0.190860   0.294922   0.475960   0.742282      0.953354
240  0.024000      0.132046   0.188964   0.293945   0.474384   0.736547      0.949388
241  0.024100      0.131607   0.188336   0.292969   0.470472   0.733224      0.945455
242  0.024200      0.130730   0.188332   0.291016   0.469656   0.732450      0.941554
243  0.024300      0.130291   0.187700   0.290039   0.468080   0.729992      0.937753
244  0.024400      0.129852   0.185825   0.289062   0.466504   0.724312      0.933916
245  0.024500      0.129414   0.185197   0.288086   0.464928   0.718653      0.930110
246  0.024600      0.128975   0.184569   0.287109   0.461063   0.718560      0.926336
247  0.024700      0.128098   0.184541   0.285156   0.460200   0.717703      0.922592
248  0.024800      0.127659   0.183909   0.284180   0.458624   0.715245      0.918766
249  0.024900      0.127220   0.182058   0.283203   0.457048   0.709630      0.915083
250  0.025000      0.126781   0.181430   0.282227   0.455472   0.707183      0.911428
