 10  0.001090      2.302246   3.316673   5.125000   8.230127   12.769078      16.720857
 11  0.001189      2.124023   3.025246   4.687500   7.564925   11.693340      15.324294
 12  0.001288      1.961182   2.793310   4.328125   6.984947   10.796851      14.158012
 13  0.001387      1.810913   2.600173   4.031250   6.441560   10.031667      13.143780
 14  0.001486      1.699219   2.420197   3.750000   6.051940   9.354672      12.254179
 15  0.001585      1.593018   2.268934   3.515625   5.673694   8.770005      11.496870
 16  0.001684      1.500977   2.137840   3.312500   5.319473   8.253184      10.818940
 17  0.001783      1.416016   2.016830   3.125000   5.043283   7.795560      10.216719
 18  0.001882      1.333618   1.921244   2.968750   4.767452   7.396722      9.684800
 19  0.001981      1.274414   1.815147   2.812500   4.538955   7.016004      9.199190
 20  0.002080      1.214233   1.729432   2.679688   4.324615   6.684693      8.759961
 21  0.002179      1.161133   1.653801   2.562500   4.115064   6.384539      8.366011
 22  0.002278      1.101990   1.587554   2.453125   3.939421   6.112028      8.001170
 23  0.002377      1.062012   1.512623   2.343750   3.782462   5.846670      7.666823
 24  0.002476      1.019531   1.452118   2.250000   3.631164   5.612803      7.359413
 25  0.002575      0.980591   1.396655   2.164062   3.492474   5.398426      7.075599
 26  0.002674      0.945190   1.346234   2.085938   3.349762   5.197170      6.812863
 27  0.002773      0.905457   1.295750   2.015625   3.220780   5.015833      6.572177
 28  0.002872      0.873871   1.258920   1.945312   3.123935   4.846799      6.344898
 29  0.002971      0.849609   1.210098   1.875000   3.025970   4.677336      6.132813
 30  0.003070      0.817719   1.178026   1.820312   2.923201   4.535358      5.937089
 31  0.003169      0.796509   1.134467   1.757812   2.836847   4.385003      5.750991
 32  0.003268      0.768585   1.099881   1.710938   2.733918   4.257626      5.576205
 33  0.003367      0.750488   1.068920   1.656250   2.672940   4.131647      5.413926
 34  0.003466      0.729248   1.038668   1.609375   2.584461   4.009802      5.256738
 35  0.003565      0.708008   1.008415   1.562500   2.521641   3.897780      5.110322
 36  0.003664      0.690308   0.983205   1.523438   2.446455   3.795686      4.973695
 37  0.003763      0.666809   0.960622   1.484375   2.383726   3.698361      4.842424
 38  0.003862      0.654907   0.932784   1.445312   2.320996   3.601036      4.717905
 39  0.003961      0.633469   0.912591   1.410156   2.264540   3.513443      4.601216
 40  0.004060      0.623047   0.887405   1.375000   2.208083   3.425850      4.488648
 41  0.004159      0.603638   0.866724   1.343750   2.147187   3.343889      4.381470
 42  0.004258      0.589600   0.849392   1.312500   2.107716   3.270130      4.280650
 43  0.004357      0.580566   0.826900   1.281250   2.057532   3.192270      4.183054
 44  0.004456      0.566406   0.806732   1.250000   2.017313   3.118224      4.088590
 45  0.004555      0.550995   0.793777   1.226562   1.969710   3.056014      4.000663
 46  0.004654      0.543396   0.773959   1.199219   1.925800   2.987886      3.915284
 47  0.004753      0.531006   0.756311   1.171875   1.891231   2.923335      3.833489
 48  0.004852      0.520386   0.741185   1.148438   1.853407   2.864868      3.756086
 49  0.004951      0.509766   0.726059   1.125000   1.815582   2.806402      3.680731
 50  0.005050      0.496597   0.715410   1.105469   1.775249   2.754306      3.608340
 51  0.005149      0.490295   0.698328   1.082031   1.746237   2.699213      3.539680
 52  0.005248      0.481445   0.685722   1.062500   1.714716   2.650491      3.472679
 53  0.005347      0.472595   0.673117   1.042969   1.674881   2.598585      3.408172
 54  0.005446      0.463745   0.660512   1.023438   1.651675   2.553046      3.346855
 55  0.005545      0.452728   0.647875   1.007812   1.610390   2.507917      3.286108
 56  0.005644      0.447815   0.637823   0.988281   1.587060   2.462330      3.228398
 57  0.005743      0.436935   0.629460   0.972656   1.561968   2.423400      3.173289
 58  0.005842      0.429916   0.615230   0.957031   1.529246   2.381549      3.119316
 59  0.005941      0.424805   0.605049   0.937500   1.512985   2.338668      3.067166
 60  0.006040      0.415878   0.595141   0.925781   1.479312   2.303784      3.017383
 61  0.006139      0.408859   0.589013   0.910156   1.461600   2.267679      2.968562
 62  0.006238      0.405334   0.577318   0.894531   1.436509   2.228749      2.921295
 63  0.006337      0.398254   0.567234   0.878906   1.418423   2.192501      2.876130
 64  0.006436      0.392944   0.559670   0.867188   1.392598   2.160621      2.831738
 65  0.006535      0.384293   0.549940   0.855469   1.366959   2.128813      2.788130
 66  0.006634      0.380554   0.542023   0.839844   1.355382   2.095057      2.746960
 67  0.006733      0.375244   0.534460   0.828125   1.336470   2.065823      2.706438
 68  0.006832      0.369934   0.526897   0.816406   1.311049   2.034099      2.667095
 69  0.006931      0.364624   0.519334   0.804688   1.292230   2.004901      2.629397
 70  0.007030      0.359314   0.511771   0.792969   1.279733   1.978123      2.592246
 71  0.007129      0.352707   0.504740   0.785156   1.254606   1.953842      2.556130
 72  0.007228      0.347443   0.497206   0.773438   1.235881   1.924680      2.521483
 73  0.007327      0.345154   0.491602   0.761719   1.223228   1.897843      2.487299
 74  0.007426      0.337791   0.486631   0.751953   1.207545   1.873512      2.454030
 75  0.007525      0.333405   0.480311   0.742188   1.191863   1.849180      2.421651
 76  0.007624      0.329018   0.473991   0.732422   1.176181   1.824849      2.390103
 77  0.007723      0.327454   0.466392   0.722656   1.160498   1.800518      2.359367
 78  0.007822      0.323029   0.460089   0.712891   1.150499   1.778362      2.329818
 79  0.007921      0.316734   0.456295   0.705078   1.132270   1.756721      2.300603
 80  0.008020      0.315063   0.448745   0.695312   1.122131   1.734512      2.272112
 81  0.008119      0.311523   0.443703   0.687500   1.104041   1.712925      2.244696
 82  0.008218      0.305328   0.439864   0.679688   1.091496   1.693460      2.217565
 83  0.008317      0.301819   0.433362   0.671875   1.078950   1.673995      2.191081
 84  0.008416      0.298309   0.428323   0.664062   1.061110   1.652503      2.165575
 85  0.008515      0.294800   0.423284   0.656250   1.048626   1.633062      2.139978
 86  0.008614      0.291290   0.419640   0.648438   1.041312   1.615600      2.115305
 87  0.008713      0.290283   0.413450   0.640625   1.028766   1.596135      2.091523
 88  0.008812      0.286743   0.408408   0.632812   1.021265   1.578601      2.067949
 89  0.008911      0.281639   0.405736   0.626953   1.006811   1.562071      2.044900
 90  0.009010      0.280548   0.399585   0.619141   0.994265   1.542606      2.022666
 91  0.009109      0.275497   0.396888   0.613281   0.984855   1.528007      2.000610
 92  0.009208      0.274353   0.390761   0.605469   0.977136   1.510390      1.979031
 93  0.009307      0.271698   0.386979   0.599609   0.962900   1.493943      1.958199
 94  0.009406      0.266724   0.384249   0.593750   0.953490   1.479344      1.937520
 95  0.009505      0.264091   0.379192   0.587891   0.939394   1.462951      1.917005
 96  0.009604      0.261459   0.374160   0.582031   0.930031   1.448371      1.897452
 97  0.009703      0.260193   0.370593   0.574219   0.926703   1.432434      1.878030
 98  0.009802      0.257538   0.366811   0.568359   0.917247   1.417817      1.859001
 99  0.009901      0.253563   0.364075   0.564453   0.901943   1.404628      1.840609
100  0.010000      0.250931   0.361497   0.558594   0.897034   1.391752      1.822327
101  0.010100      0.250458   0.356727   0.552734   0.887624   1.377153      1.804407
102  0.010200      0.247803   0.352945   0.546875   0.878215   1.362554      1.786595
103  0.010300      0.245148   0.349164   0.541016   0.873118   1.349606      1.769139
104  0.010400      0.241280   0.347593   0.537109   0.862532   1.338223      1.752244
105  0.010500      0.240723   0.342861   0.531250   0.853123   1.323624      1.735669
106  0.010600      0.236893   0.339004   0.527344   0.842646   1.312282      1.719184
107  0.010700      0.236298   0.336559   0.521484   0.837441   1.299293      1.703227
108  0.010800      0.232506   0.332727   0.517578   0.827041   1.287981      1.687356
109  0.010900      0.231873   0.330256   0.511719   0.821758   1.274961      1.671773
110  0.011000      0.228119   0.328634   0.507812   0.815485   1.265229      1.656667
111  0.011100      0.227448   0.323953   0.501953   0.810077   1.252162      1.641871
112  0.011200      0.225677   0.321432   0.498047   0.799803   1.240897      1.627147
113  0.011300      0.221977   0.319786   0.494141   0.793530   1.231165      1.612690
114  0.011400      0.220222   0.316203   0.490234   0.783349   1.219936      1.598676
115  0.011500      0.219482   0.312609   0.484375   0.781709   1.208312      1.584716
116  0.011600      0.217712   0.310088   0.480469   0.775405   1.198567      1.571184
117  0.011700      0.215942   0.307567   0.476562   0.769101   1.188823      1.557882
118  0.011800      0.214172   0.305046   0.472656   0.759028   1.177636      1.544632
119  0.011900      0.212402   0.302525   0.468750   0.752756   1.167903      1.531723
120  0.012000      0.210632   0.300004   0.464844   0.746483   1.158171      1.519084
121  0.012100      0.208862   0.297482   0.460938   0.740210   1.148438      1.508942
122  0.012200      0.207092   0.294961   0.457031   0.737580   1.140101      1.496547
123  0.012300      0.205322   0.292440   0.453125   0.731276   1.130356      1.484360
124  0.012400      0.202675   0.290037   0.451172   0.720930   1.122730      1.472528
125  0.012500      0.200920   0.287526   0.447266   0.714689   1.113010      1.460885
126  0.012600      0.199165   0.286923   0.443359   0.711981   1.104642      1.449269
127  0.012700      0.199127   0.283617   0.439453   0.705708   1.094910      1.437992
128  0.012800      0.197357   0.281096   0.435547   0.702908   1.086506      1.426743
129  0.012900      0.195587   0.278575   0.431641   0.696603   1.081574      1.415666
130  0.013000      0.193024   0.278075   0.429688   0.690026   1.070578      1.404908
131  0.013100      0.192932   0.274793   0.425781   0.683753   1.060846      1.394314
132  0.013200      0.190392   0.272459   0.423828   0.677238   1.054686      1.383737
133  0.013300      0.188637   0.271755   0.419922   0.674344   1.046247      1.373325
134  0.013400      0.188507   0.268491   0.416016   0.671387   1.037784      1.363204
135  0.013500      0.186005   0.266181   0.414062   0.661633   1.030384      1.353096
136  0.013600      0.185852   0.264709   0.410156   0.658661   1.021916      1.343273
137  0.013700      0.183372   0.262415   0.408203   0.652270   1.015803      1.333593
138  0.013800      0.183197   0.260927   0.404297   0.649252   1.007317      1.320170
139  0.013900      0.181427   0.260117   0.400391   0.646171   1.003270      1.310767
140  0.014000      0.180542   0.257146   0.398438   0.639842   0.992718      1.301644
141  0.014100      0.178108   0.254881   0.396484   0.633545   0.986642      1.292620
142  0.014200      0.177887   0.253364   0.392578   0.633562   0.979317      1.283629
143  0.014300      0.175476   0.252795   0.390625   0.627296   0.973253      1.276671
144  0.014400      0.175674   0.250213   0.387695   0.622592   0.965953      1.267913
145  0.014500      0.174347   0.248322   0.384766   0.617887   0.958654      1.259277
146  0.014600      0.171967   0.246916   0.382812   0.611699   0.952620      1.250642
147  0.014700      0.172134   0.245171   0.379883   0.610046   0.946488      1.242236
148  0.014800      0.170807   0.243280   0.376953   0.605341   0.939189      1.233841
149  0.014900      0.168457   0.242683   0.375000   0.602204   0.934323      1.223140
150  0.015000      0.168594   0.240129   0.372070   0.597500   0.927023      1.215057
151  0.015100      0.167267   0.238238   0.369141   0.595738   0.920851      1.207079
152  0.015200      0.166382   0.236978   0.367188   0.589658   0.914858      1.199098
153  0.015300      0.164070   0.236364   0.365234   0.586522   0.909991      1.191226
154  0.015400      0.164169   0.233826   0.362305   0.581817   0.902692      1.183559
155  0.015500      0.161877   0.233204   0.360352   0.578681   0.897826      1.175909
156  0.015600      0.161957   0.230675   0.357422   0.576825   0.891617      1.170599
157  0.015700      0.161072   0.229414   0.355469   0.570840   0.885660      1.163344
158  0.015800      0.158806   0.228780   0.353516   0.567703   0.880794      1.153697
159  0.015900      0.157928   0.226003   0.351562   0.561764   0.874855      1.146412
160  0.016000      0.157974   0.225003   0.348633   0.559862   0.868628      1.139316
161  0.016100      0.157089   0.223742   0.346680   0.556725   0.863762      1.132308
162  0.016200      0.154858   0.223092   0.344727   0.553589   0.858896      1.125292
163  0.016300      0.154877   0.220591   0.341797   0.551609   0.852639      1.118365
164  0.016400      0.153992   0.219330   0.339844   0.548457   0.847767      1.111613
165  0.016500      0.153107   0.218070   0.337891   0.545305   0.842895      1.104943
166  0.016600      0.152222   0.216809   0.335938   0.539475   0.836997      1.098263
167  0.016700      0.151337   0.215549   0.333984   0.536338   0.832131      1.091753
168  0.016800      0.150452   0.214288   0.332031   0.533202   0.827265      1.085235
169  0.016900      0.149567   0.213028   0.330078   0.530065   0.822399      1.078833
170  0.017000      0.148682   0.211767   0.328125   0.526929   0.817532      1.072524
171  0.017100      0.147797   0.210507   0.326172   0.523792   0.812666      1.066322
172  0.017200      0.146912   0.209246   0.324219   0.520656   0.807800      1.061254
173  0.017300      0.146027   0.207986   0.322266   0.520089   0.803917      1.055108
174  0.017400      0.145142   0.206725   0.320312   0.516937   0.799045      1.049113
175  0.017500      0.144257   0.205465   0.318359   0.513784   0.794173      1.043118
176  0.017600      0.142574   0.205396   0.317383   0.509678   0.790768      1.037257
177  0.017700      0.141697   0.204132   0.315430   0.506542   0.785902      1.031462
178  0.017800      0.142044   0.202313   0.313477   0.503405   0.781035      1.025656
179  0.017900      0.141159   0.201053   0.311523   0.502752   0.777120      1.019912
180  0.018000      0.140274   0.199792   0.309570   0.499600   0.772248      1.014310
181  0.018100      0.138626   0.199708   0.308594   0.495564   0.768870      1.008769
182  0.018200      0.138947   0.197901   0.306641   0.492428   0.764004      1.003214
183  0.018300      0.138062   0.196641   0.304688   0.491720   0.760067      0.997722
184  0.018400      0.137177   0.195380   0.302734   0.488568   0.755195      0.992361
185  0.018500      0.135555   0.195284   0.301758   0.484586   0.751838      0.986986
186  0.018600      0.135849   0.193490   0.299805   0.483840   0.747887      0.981740
187  0.018700      0.134239   0.192745   0.298828   0.477499   0.743626      0.976550
188  0.018800      0.134521   0.191599   0.296875   0.476745   0.739672      0.971347
189  0.018900      0.133636   0.190338   0.294922   0.475960   0.735706      0.966198
190  0.019000      0.132046   0.190228   0.293945   0.472040   0.732373      0.961172
191  0.019100      0.132309   0.188448   0.291992   0.468904   0.727507      0.956198
192  0.019200      0.130730   0.187706   0.291016   0.467336   0.725073      0.951208
193  0.019300      0.130981   0.186557   0.289062   0.464199   0.720207      0.946272
194  0.019400      0.130096   0.185296   0.287109   0.463352   0.716217      0.941452
195  0.019500      0.129654   0.184666   0.286133   0.459495   0.712908      0.936439
196  0.019600      0.128098   0.183313   0.285156   0.455653   0.709604      0.931717
197  0.019700      0.128326   0.182775   0.283203   0.454790   0.705608      0.927042
198  0.019800      0.126781   0.182037   0.282227   0.450972   0.702314      0.922354
199  0.019900      0.126999   0.180884   0.280273   0.450085   0.698309      0.917711
200  0.020000      0.125465   0.180749   0.279297   0.448517   0.695876      0.913177
201  0.020100      0.125671   0.178994   0.277344   0.447591   0.691856      0.908687
202  0.020200      0.124149   0.178853   0.276367   0.443812   0.688576      0.904180
203  0.020300      0.124344   0.177103   0.274414   0.442863   0.684548      0.899716
204  0.020400      0.123901   0.176473   0.273438   0.439107   0.681277      0.895363
205  0.020500      0.122395   0.176325   0.272461   0.437539   0.678844      0.891021
206  0.020600      0.122574   0.174582   0.270508   0.436559   0.674803      0.886665
207  0.020700      0.122131   0.173952   0.269531   0.432834   0.671544      0.882433
208  0.020800      0.120640   0.173797   0.268555   0.431266   0.669111      0.876002
209  0.020900      0.120804   0.172061   0.266602   0.430255   0.665059      0.873793
210  0.021000      0.120361   0.171431   0.265625   0.426561   0.661812      0.869718
211  0.021100      0.118885   0.171269   0.264648   0.424993   0.659379      0.863611
212  0.021200      0.119034   0.169540   0.262695   0.423951   0.655314      0.859518
213  0.021300      0.118591   0.168910   0.261719   0.422375   0.652878      0.855464
214  0.021400      0.118149   0.168279   0.260742   0.418720   0.649646      0.851502
215  0.021500      0.116692   0.168109   0.259766   0.417152   0.647213      0.847523
216  0.021600      0.116253   0.166363   0.258789   0.413521   0.643990      0.843634
217  0.021700      0.116379   0.165758   0.256836   0.414495   0.640698      0.839781
218  0.021800      0.115936   0.165128   0.255859   0.410879   0.637481      0.835912
219  0.021900      0.114498   0.164949   0.254883   0.409311   0.635047      0.832078
220  0.022000      0.114059   0.164317   0.253906   0.407743   0.632614      0.828330
221  0.022100      0.113621   0.162597   0.252930   0.404158   0.629409      0.824616
222  0.022200      0.113724   0.161977   0.250977   0.405039   0.626081      0.820885
223  0.022300      0.113281   0.161346   0.250000   0.403463   0.623645      0.817189
224  0.022400      0.112839   0.160716   0.249023   0.399901   0.620449      0.813574
225  0.022500      0.112396   0.160086   0.248047   0.398333   0.618016      0.809992
226  0.022600      0.110989   0.159893   0.247070   0.396765   0.615582      0.806392
227  0.022700      0.110550   0.159261   0.246094   0.395197   0.613149      0.802872
228  0.022800      0.110111   0.157574   0.245117   0.391674   0.609968      0.799337
229  0.022900      0.110184   0.156935   0.243164   0.392430   0.606592      0.795833
230  0.023000      0.109741   0.156304   0.242188   0.390854   0.604156      0.792406
231  0.023100      0.109299   0.155674   0.241211   0.389278   0.601720      0.789008
232  0.023200      0.108856   0.155044   0.240234   0.387702   0.599284      0.785594
233  0.023300      0.108414   0.154414   0.239258   0.386126   0.596848      0.782210
234  0.023400      0.107971   0.153783   0.238281   0.384550   0.594411      0.778899
235  0.023500      0.107529   0.153153   0.237305   0.381083   0.591251      0.775571
236  0.023600      0.107086   0.152523   0.236328   0.379514   0.588818      0.772317
237  0.023700      0.106644   0.151893   0.235352   0.377946   0.586385      0.769149
238  0.023800      0.106201   0.151262   0.234375   0.376378   0.583952      0.765906
239  0.023900      0.105759   0.150632   0.233398   0.374810   0.581519      0.762689
240  0.024000      0.105316   0.150002   0.232422   0.373241   0.579085      0.759543
241  0.024100      0.104874   0.149372   0.231445   0.371673   0.576652      0.756433
242  0.024200      0.104431   0.148741   0.230469   0.370105   0.574219      0.754430
243  0.024300      0.103989   0.148111   0.229492   0.368537   0.571786      0.751320
244  0.024400      0.103546   0.147481   0.228516   0.368790   0.570050      0.748276
245  0.024500      0.103104   0.146850   0.227539   0.367214   0.567614      0.745257
246  0.024600      0.102661   0.146220   0.226562   0.365638   0.565178      0.742222
247  0.024700      0.102219   0.145590   0.225586   0.364062   0.562742      0.739252
248  0.024800      0.101776   0.144960   0.224609   0.362486   0.560306      0.736267
249  0.024900      0.101334   0.144329   0.223633   0.360910   0.557870      0.733305
250  0.025000      0.100460   0.143763   0.223633   0.357344   0.556505      0.730406
