 10  0.001090      1.607300   2.311154   3.609375   5.853766   9.174944      5.017025
 11  0.001189      1.462158   2.112669   3.312500   5.345880   8.411011      4.600424
 12  0.001288      1.360291   1.955977   3.054688   4.954162   7.764942      4.244371
 13  0.001387      1.262878   1.815907   2.835938   4.599388   7.208884      3.942352
 14  0.001486      1.175903   1.690845   2.640625   4.303677   6.719806      3.677938
 15  0.001585      1.096619   1.584502   2.484375   4.009410   6.308258      3.448967
 16  0.001684      1.040222   1.495747   2.335938   3.788476   5.937897      3.246844
 17  0.001783      0.981079   1.410705   2.203125   3.573078   5.600290      3.065361
 18  0.001882      0.928894   1.335667   2.085938   3.399650   5.308249      2.904656
 19  0.001981      0.883667   1.270635   1.984375   3.218304   5.044233      2.759961
 20  0.002080      0.841919   1.210605   1.890625   3.066258   4.805923      2.627719
 21  0.002179      0.803650   1.155577   1.804688   2.926883   4.587472      2.508737
 22  0.002278      0.768860   1.105552   1.726562   2.800178   4.388880      2.400065
 23  0.002377      0.731079   1.056334   1.656250   2.672940   4.205505      2.299437
 24  0.002476      0.706238   1.015507   1.585938   2.584753   4.035860      2.208712
 25  0.002575      0.680145   0.977988   1.527344   2.477081   3.882471      2.123205
 26  0.002674      0.654053   0.940470   1.468750   2.393761   3.737643      2.044848
 27  0.002773      0.631439   0.907954   1.417969   2.299694   3.604442      1.972071
 28  0.002872      0.608826   0.875437   1.367188   2.228235   3.479189      1.903626
 29  0.002971      0.589691   0.847924   1.324219   2.147648   3.366132      1.840402
 30  0.003070      0.570557   0.820410   1.281250   2.077960   3.256907      1.781243
 31  0.003169      0.548309   0.792251   1.242188   2.004705   3.154129      1.725217
 32  0.003268      0.535767   0.770385   1.203125   1.951255   3.058315      1.673126
 33  0.003367      0.520111   0.747874   1.167969   1.894238   2.968948      1.624088
 34  0.003466      0.504456   0.725362   1.132812   1.846252   2.882757      1.577382
 35  0.003565      0.490540   0.705352   1.101562   1.795321   2.803232      1.533722
 36  0.003664      0.474167   0.685123   1.074219   1.733629   2.727627      1.492001
 37  0.003763      0.464447   0.667834   1.042969   1.699825   2.654124      1.452880
 38  0.003862      0.450027   0.650244   1.019531   1.645371   2.588766      1.415759
 39  0.003961      0.441833   0.635317   0.992188   1.609152   2.522117      1.380056
 40  0.004060      0.431396   0.620310   0.968750   1.571141   2.462539      1.346517
 41  0.004159      0.420959   0.605302   0.945312   1.533129   2.402961      1.314887
 42  0.004258      0.410522   0.590295   0.921875   1.502467   2.345968      1.284100
 43  0.004357      0.401825   0.577789   0.902344   1.463442   2.293736      1.255013
 44  0.004456      0.393127   0.565282   0.882812   1.431765   2.244088      1.227049
 45  0.004555      0.384430   0.552776   0.863281   1.400089   2.194440      1.200676
 46  0.004654      0.375732   0.540270   0.843750   1.375139   2.147157      1.172925
 47  0.004753      0.365540   0.528167   0.828125   1.336470   2.102753      1.148340
 48  0.004852      0.360077   0.517759   0.808594   1.317842   2.057692      1.125000
 49  0.004951      0.353119   0.507754   0.792969   1.292376   2.017930      1.102634
 50  0.005050      0.346161   0.497749   0.777344   1.266911   1.978168      1.080884
 51  0.005149      0.340073   0.488994   0.763672   1.238540   1.941235      1.061105
 52  0.005248      0.331055   0.478340   0.750000   1.216367   1.906482      1.040271
 53  0.005347      0.327026   0.470235   0.734375   1.196881   1.868822      1.021784
 54  0.005446      0.318985   0.460901   0.722656   1.172020   1.836975      1.003394
 55  0.005545      0.315720   0.453977   0.708984   1.149847   1.802221      0.985483
 56  0.005644      0.307777   0.444707   0.697266   1.130841   1.772432      0.968377
 57  0.005743      0.304413   0.437719   0.683594   1.114118   1.739595      0.951858
 58  0.005842      0.299194   0.430215   0.671875   1.095018   1.709773      0.935897
 59  0.005941      0.294846   0.423962   0.662109   1.073824   1.683066      0.920468
 60  0.006040      0.289627   0.416458   0.650391   1.060003   1.655100      0.903143
 61  0.006139      0.285278   0.410205   0.640625   1.038980   1.628453      0.888553
 62  0.006238      0.280930   0.403952   0.630859   1.023142   1.603629      0.874570
 63  0.006337      0.276581   0.397699   0.621094   1.007304   1.578805      0.861023
 64  0.006436      0.272232   0.391446   0.611328   0.991466   1.553981      0.847760
 65  0.006535      0.267883   0.385192   0.601562   0.975628   1.529157      0.835030
 66  0.006634      0.262085   0.378686   0.593750   0.958224   1.507634      0.822554
 67  0.006733      0.260056   0.373937   0.583984   0.947119   1.484474      0.810570
 68  0.006832      0.254326   0.367475   0.576172   0.929855   1.463000      0.798931
 69  0.006931      0.252228   0.362681   0.566406   0.923126   1.441378      0.788284
 70  0.007030      0.248749   0.357679   0.558594   0.910393   1.421497      0.777715
 71  0.007129      0.245270   0.352676   0.550781   0.897660   1.401616      0.767036
 72  0.007228      0.241791   0.347674   0.542969   0.884928   1.381735      0.754689
 73  0.007327      0.239182   0.343922   0.537109   0.871096   1.365319      0.744873
 74  0.007426      0.235703   0.338919   0.529297   0.858426   1.345460      0.734767
 75  0.007525      0.231049   0.333842   0.523438   0.844750   1.329098      0.726704
 76  0.007624      0.229614   0.330165   0.515625   0.836252   1.310706      0.716876
 77  0.007723      0.225014   0.325122   0.509766   0.822686   1.294383      0.707931
 78  0.007822      0.223526   0.321411   0.501953   0.818081   1.277359      0.697213
 79  0.007921      0.220917   0.317659   0.496094   0.804576   1.261058      0.688567
 80  0.008020      0.218307   0.313907   0.490234   0.795073   1.246164      0.680049
 81  0.008119      0.215698   0.310155   0.484375   0.785570   1.231269      0.671823
 82  0.008218      0.213089   0.306403   0.478516   0.776067   1.216375      0.663796
 83  0.008317      0.210480   0.302651   0.472656   0.766565   1.201481      0.655880
 84  0.008416      0.207870   0.298899   0.466797   0.757062   1.186586      0.648230
 85  0.008515      0.205261   0.295147   0.460938   0.751234   1.172984      0.640682
 86  0.008614      0.201736   0.291489   0.457031   0.737580   1.160481      0.634583
 87  0.008713      0.200912   0.288894   0.451172   0.731721   1.146868      0.627450
 88  0.008812      0.197426   0.285260   0.447266   0.721820   1.135685      0.620406
 89  0.008911      0.196564   0.282641   0.441406   0.715883   1.122044      0.613590
 90  0.009010      0.193954   0.278889   0.435547   0.709852   1.108370      0.606923
 91  0.009109      0.192215   0.276388   0.431641   0.700045   1.097220      0.600335
 92  0.009208      0.188805   0.272803   0.427734   0.690299   1.086092      0.592808
 93  0.009307      0.187866   0.270135   0.421875   0.687570   1.073578      0.586526
 94  0.009406      0.186127   0.267634   0.417969   0.677871   1.062466      0.580314
 95  0.009505      0.184387   0.265132   0.414062   0.671536   1.052537      0.574292
 96  0.009604      0.181046   0.261592   0.410156   0.661931   1.041458      0.568335
 97  0.009703      0.180038   0.258879   0.404297   0.658921   1.028846      0.562559
 98  0.009802      0.178299   0.256378   0.400391   0.652555   1.018905      0.556899
 99  0.009901      0.176559   0.253877   0.396484   0.646188   1.008965      0.551318
