 10  0.001090      1.210022   1.698029   2.539062   3.925614   5.882567      5.550929
 11  0.001189      1.109497   1.547441   2.328125   3.599486   5.393862      5.087503
 12  0.001288      1.023865   1.436794   2.148438   3.321673   4.977557      4.696420
 13  0.001387      0.949402   1.332300   1.992188   3.080097   4.627185      4.362305
 14  0.001486      0.886108   1.243480   1.859375   2.874757   4.318706      4.070036
 15  0.001585      0.830261   1.165109   1.742188   2.700519   4.060001      3.817352
 16  0.001684      0.781860   1.097188   1.640625   2.536551   3.810623      3.590941
 17  0.001783      0.739044   1.037104   1.550781   2.397644   3.601946      3.392274
 18  0.001882      0.699951   0.982244   1.468750   2.270817   3.411415      3.213800
 19  0.001981      0.664581   0.932610   1.394531   2.156068   3.239030      3.053739
 20  0.002080      0.632935   0.888200   1.328125   2.053398   3.084790      2.908005
 21  0.002179      0.605011   0.849015   1.269531   1.962807   2.948696      2.775865
 22  0.002278      0.578949   0.812442   1.214844   1.878255   2.814582      2.655635
 23  0.002377      0.554749   0.778481   1.164062   1.799743   2.696931      2.544693
 24  0.002476      0.532410   0.747133   1.117188   1.727270   2.594853      2.443282
 25  0.002575      0.511932   0.718397   1.074219   1.660837   2.495051      2.348520
 26  0.002674      0.493317   0.688040   1.035156   1.600443   2.398278      2.261887
 27  0.002773      0.474701   0.666150   0.996094   1.540048   2.313593      2.181118
 28  0.002872      0.459808   0.641305   0.964844   1.487887   2.233513      2.106205
 29  0.002971      0.443054   0.621740   0.929688   1.437379   2.159353      2.036252
 30  0.003070      0.430023   0.599763   0.902344   1.391506   2.088832      1.970174
 31  0.003169      0.415131   0.582555   0.871094   1.350260   2.030000      1.908840
 32  0.003268      0.403961   0.563414   0.847656   1.307172   1.962236      1.850845
 33  0.003367      0.390930   0.548594   0.820312   1.268275   1.905312      1.796762
 34  0.003466      0.379761   0.532920   0.796875   1.232039   1.850874      1.745145
 35  0.003565      0.369522   0.518552   0.775391   1.198822   1.800973      1.696558
 36  0.003664      0.359283   0.504184   0.753906   1.165605   1.751072      1.650712
 37  0.003763      0.349976   0.491122   0.734375   1.135408   1.705708      1.607438
 38  0.003862      0.341599   0.477901   0.716797   1.108231   1.660694      1.566375
 39  0.003961      0.333221   0.464752   0.699219   1.081054   1.619969      1.527213
 40  0.004060      0.324844   0.455855   0.681641   1.053876   1.579243      1.489874
 41  0.004159      0.316467   0.444100   0.664062   1.026699   1.542395      1.454306
 42  0.004258      0.309952   0.432297   0.650391   1.005561   1.506842      1.420763
 43  0.004357      0.302505   0.424507   0.634766   0.981403   1.474348      1.388479
 44  0.004456      0.295990   0.415364   0.621094   0.960266   1.438967      1.357751
 45  0.004555      0.289474   0.406221   0.607422   0.939128   1.407291      1.328273
 46  0.004654      0.282959   0.397078   0.593750   0.917990   1.379083      1.302503
 47  0.004753      0.277374   0.389241   0.582031   0.899871   1.351864      1.275621
 48  0.004852      0.271790   0.381403   0.570312   0.881753   1.321315      1.249739
 49  0.004951      0.266205   0.373566   0.558594   0.863635   1.297426      1.224988
 50  0.005050      0.260620   0.365729   0.546875   0.845517   1.270208      1.200910
 51  0.005149      0.255966   0.359198   0.537109   0.830418   1.247525      1.178118
 52  0.005248      0.251312   0.352668   0.527344   0.815320   1.221764      1.154834
 53  0.005347      0.246658   0.346137   0.517578   0.800221   1.199139      1.131421
 54  0.005446      0.242004   0.339606   0.507812   0.785123   1.179479      1.113006
 55  0.005545      0.237350   0.333075   0.498047   0.770024   1.156796      1.093278
 56  0.005644      0.233627   0.327850   0.490234   0.757945   1.135788      1.071891
 57  0.005743      0.229904   0.320653   0.482422   0.743944   1.116756      1.053446
 58  0.005842      0.225250   0.316095   0.472656   0.730768   1.097822      1.035694
 59  0.005941      0.221527   0.310870   0.464844   0.718689   1.079677      1.018351
 60  0.006040      0.218735   0.305074   0.458984   0.707801   1.059814      1.001814
 61  0.006139      0.215012   0.299882   0.451172   0.697551   1.045287      0.985663
 62  0.006238      0.211288   0.296502   0.443359   0.685473   1.029776      0.970128
 63  0.006337      0.207565   0.291277   0.435547   0.675130   1.015000      0.955023
 64  0.006436      0.204773   0.287359   0.429688   0.664335   0.998020      0.940392
 65  0.006535      0.201981   0.281707   0.423828   0.655276   0.981936      0.927370
 66  0.006634      0.198257   0.278216   0.416016   0.644855   0.969485      0.913602
 67  0.006733      0.195465   0.274297   0.410156   0.634138   0.952656      0.900297
 68  0.006832      0.192673   0.270378   0.404297   0.625078   0.939046      0.887280
 69  0.006931      0.189880   0.266460   0.398438   0.616019   0.925437      0.874675
 70  0.007030      0.187088   0.262541   0.392578   0.608525   0.914866      0.862388
 71  0.007129      0.184761   0.259276   0.387695   0.599411   0.900487      0.850501
 72  0.007228      0.182434   0.256011   0.382812   0.591862   0.886910      0.838912
 73  0.007327      0.179642   0.252092   0.376953   0.582803   0.875536      0.827679
 74  0.007426      0.177315   0.248827   0.372070   0.575253   0.864195      0.816490
 75  0.007525      0.174988   0.245561   0.367188   0.567704   0.852854      0.805775
 76  0.007624      0.173126   0.241463   0.363281   0.561665   0.841660      0.795407
 77  0.007723      0.170799   0.238218   0.358398   0.554115   0.830347      0.785240
 78  0.007822      0.168472   0.236418   0.353516   0.546566   0.821099      0.775388
 79  0.007921      0.166611   0.232376   0.349609   0.540527   0.809984      0.765501
 80  0.008020      0.164284   0.230540   0.344727   0.532978   0.800685      0.754137
 81  0.008119      0.162422   0.227928   0.340820   0.526938   0.789622      0.744961
 82  0.008218      0.160095   0.224662   0.335938   0.520728   0.782870      0.736041
 83  0.008317      0.158234   0.222050   0.332031   0.513349   0.771198      0.727333
 84  0.008416      0.156372   0.219438   0.328125   0.507310   0.762125      0.718747
 85  0.008515      0.154510   0.216825   0.324219   0.502563   0.755561      0.710421
 86  0.008614      0.153114   0.213552   0.321289   0.496741   0.744371      0.702257
 87  0.008713      0.151253   0.212254   0.317383   0.490702   0.737174      0.694354
 88  0.008812      0.149391   0.209641   0.313477   0.484662   0.728101      0.686508
 89  0.008911      0.147995   0.207047   0.310547   0.480133   0.719483      0.678919
 90  0.009010      0.146133   0.205070   0.306641   0.474093   0.712224      0.671545
 91  0.009109      0.144737   0.203110   0.303711   0.469564   0.705419      0.664298
 92  0.009208      0.143341   0.199921   0.300781   0.465034   0.696858      0.658347
 93  0.009307      0.141479   0.198539   0.296875   0.458995   0.689541      0.651338
 94  0.009406      0.140083   0.196580   0.293945   0.454465   0.682737      0.644545
 95  0.009505      0.138687   0.194620   0.291016   0.449936   0.675932      0.637833
 96  0.009604      0.137291   0.192661   0.288086   0.445406   0.667445      0.631338
 97  0.009703      0.135895   0.190702   0.285156   0.440877   0.660658      0.624916
 98  0.009802      0.134499   0.188742   0.282227   0.436347   0.655518      0.618627
 99  0.009901      0.133102   0.186783   0.279297   0.431818   0.648713      0.612479
